204520
199000
203500
200240
271520
201360
202000
202760
199880
198540
206740
198820
198180
201560
203120
200160
197840
202440
199660
228820
200960
201240
208060
201800
201440
198780
206940
201340
235380
199620
221620
200160
197780
215000
204140
198720
199900
197480
198240
203100
206960
202360
198320
230300
206180
209080
240240
201200
199980
209360
206120
229900
212340
199240
199920
202660
204340
199160
203180
205380
200100
200140
203240
201540
234500
209540
203380
200320
220200
201580
241040
200180
202040
199440
201000
200080
254600
198960
242860
202640
199800
200360
209400
223280
197900
202720
198860
201260
225840
200980
201500
202820
196200
298220
200180
198000
205280
224340
200580
203280
199980
200080
205860
199580
204780
197860
322660
199780
201140
210320
205680
204080
206420
197860
340460
200800
245600
199740
245080
196300
201560
201200
199840
206000
197180
205340
205220
199320
244100
207800
197640
204640
201620
211200
203060
210500
239600
199420
224900
202340
197320
199680
200640
200100
208000
199880
201360
203260
238560
200540
220620
211200
198420
202220
209740
213560
200940
202240
201920
201340
199500
200920
300580
174560
202520
221620
207280
226680
207520
202020
202120
196180
211340
239180
197740
200300
201020
205320
197540
197180
201760
199400
202020
199660
213940
202500
202860
204700
197100
203240
199800
243740
204180
199840
205020
222680
202580
201320
198620
204260
199740
198640
196720
199660
199960
200240
326220
196080
223360
199340
200120
210060
198920
201920
228240
200560
200720
198320
209900
227500
234040
198940
200420
198940
199860
199620
199500
201800
243540
211480
236680
241040
203280
198280
200060
228220
253620
200600
197880
198520
204260
229140
219260
197920
199360
198560
197220
202560
203880
283760
198980
202360
206980
201000
231200
209160
197860
201240
204640
200580
200040
331180
201400
208860
280360
211060
205400
198100
201100
199260
208960
200300
218320
198760
202140
198880
201960
200140
200460
232700
220940
224080
198540
198940
200460
478600
201080
198340
197600
211380
206760
220960
199560
200440
197640
220960
198260
199720
197620
200540
199440
202440
203920
219720
231200
199560
203940
196380
208340
199640
219520
198560
202420
243420
198420
268500
200460
197880
205340
200700
199520
198500
202740
199540
210860
199520
198300
200580
224140
198460
201640
197620
209840
205160
213440
197700
199140
200380
202780
203380
197280
197860
202040
198820
200320
219140
200660
204300
202280
198600
198620
200640
199220
203000
199020
198480
203340
237820
197500
204360
200120
197600
206300
221220
201540
198700
197840
197040
203820
256820
198840
209160
200980
197600
207080
200660
222960
220320
203660
197820
207180
199080
199700
198520
236580
201940
202820
199460
203480
201460
195480
204260
205880
202260
201780
233860
194380
212940
190340
201100
189820
191320
188260
188480
194860
183900
206680
181380
178620
177680
175180
171780
171460
168360
171060
224840
167420
162640
160720
162740
160840
155600
157120
155020
152840
149700
147180
147460
160880
221220
143860
140200
140200
138840
140820
139760
142960
157260
142340
140380
140820
139740
138880
142780
141720
157540
138920
202220
143540
159040
138980
137600
142760
139000
144940
147340
139660
142680
162900
137260
138740
138740
155280
140160
146520
143360
146380
141680
192800
152120
160700
140500
139220
139300
140220
137680
141480
159880
142860
140480
141920
142220
142580
141100
140980
150900
139120
140300
139520
151720
144840
139360
141580
160780
139680
141320
139900
138920
140440
137060
141120
139540
140060
138140
142240
142900
141820
138560
139100
158340
138920
140600
140120
142360
140320
169180
142360
140820
139760
150380
150500
139920
192560
143620
139120
142680
147120
139540
144400
160160
139200
140500
139500
139500
152360
139860
139000
142540
140760
142600
141680
143780
202440
141560
145940
144900
147460
138960
160140
154500
140780
143220
139180
143580
140180
151160
140220
139660
162920
141080
142100
145200
154580
167780
139060
140640
154300
158300
139920
157460
139280
143220
138140
138840
164080
142740
146060
162880
168700
140680
146940
140980
138240
138180
138220
169640
144720
168700
156800
148580
141040
141200
138060
155360
139900
137960
141340
159920
160900
160640
141580
140980
140820
139340
141580
141220
140620
148880
138160
138100
142500
171980
140440
138160
141600
218280
139980
139400
154260
140320
138820
144080
139900
140280
237420
139560
138640
139220
146400
165260
139220
141980
139440
138680
142420
142140
145040
139620
140040
142800
139740
139760
137960
141240
141180
139220
141560
141200
139540
166040
139580
136980
139100
138840
160920
142040
144240
158900
153920
138680
144940
161240
138320
140260
140420
140300
139780
192580
138620
140600
140680
140320
139040
140480
139020
141540
142380
142080
140220
140000
141880
365920
139780
140200
138700
141440
139600
139880
145460
158820
143360
156300
140340
142280
150900
140240
142080
138820
139820
140120
139020
136860
142600
314760
140340
303060
156420
186220
139080
163600
140860
139840
152940
140580
139100
195500
148940
141560
140460
158040
193540
141140
168540
148740
161920
155920
138840
140160
138760
140360
137960
140940
138620
140000
197420
138600
146820
141580
146980
141740
139060
139300
139820
138100
140940
139280
140980
139600
161920
139400
137960
194840
143260
146920
150560
192360
138580
138940
138560
147320
139140
138720
139560
140040
157100
141440
158320
150360
136960
140040
141080
138700
214620
140000
140920
154100
142560
140640
139400
138440
140120
139880
137760
155260
138880
140160
139900
139360
141500
138880
143720
143600
153400
140520
137140
147840
215200
153960
143000
216220
142240
144900
139140
140520
139320
140940
139720
139380
140200
138880
159620
141780
145780
138440
162220
140800
139620
194560
139680
139980
139340
153400
137060
141940
142040
139340
139360
141240
141300
141260
141760
143120
139020
138300
155280
140780
143000
141540
160900
176160
157580
140320
143200
140800
150920
195700
149480
142120
155300
139480
142340
138920
140320
142340
144500
142500
141420
137520
149400
143260
193300
140320
145020
142380
141780
157300
195480
162660
140800
140600
141000
141780
140900
162120
138320
153560
146260
144760
139840
141720
141180
144280
140040
140200
138960
141180
142940
142460
141780
143540
141020
139620
195740
140940
139360
143440
145660
139380
203240
141360
145140
144080
140760
142080
140340
142640
163540
143480
138820
153880
194040
140820
142500
143860
139380
141880
143260
143380
151460
139860
145500
142340
138360
154980
143780
141840
145440
143040
138600
164480
174120
138700
142980
140540
141040
140040
138980
145900
140660
140020
152880
140060
140340
139220
194400
140680
142020
146380
141100
137960
137900
145660
141900
142640
141800
143860
150760
138760
142240
217380
140820
137000
143300
139900
139600
140380
147180
141660
143240
139300
220560
149420
144000
143380
146360
140500
141200
141240
140080
145040
139840
140020
138820
140160
138560
146060
145320
139800
139640
158860
139460
161160
147760
141380
195600
142580
138740
138600
138260
141180
