415980
414000
413700
475300
419540
440800
446980
519260
441680
441620
429040
435040
415600
419700
437360
439300
433440
413900
413880
434640
417780
425740
417280
415380
420600
415380
446840
439680
414980
461300
455120
451200
413600
419840
412580
424900
432500
420980
435040
415380
520240
413880
413000
417160
587440
464920
410940
452040
416300
458100
448540
416100
417840
412680
440460
448900
416140
414260
420700
449160
438300
456480
469780
414220
416560
411920
419700
415760
417380
428600
414160
414260
428780
413840
418820
417720
432700
424160
415560
421000
485840
466320
456580
443920
435220
441420
419100
468460
433060
435460
448580
417280
447620
412800
474760
465260
441720
448400
435480
410260
435740
433540
486060
471620
465840
414820
436600
430720
469420
416400
450280
425420
422080
418640
430560
435480
416560
434300
412720
416100
450840
437060
487860
413320
432800
413940
418960
471620
431260
657540
435660
432900
420240
417020
417480
468940
414900
413380
412720
414420
459300
419400
420800
421420
421140
454080
417080
406760
417580
415340
508120
434420
433600
414660
468520
438360
361180
408800
517640
418420
390440
416140
421320
445560
465380
551660
422080
566920
421200
413920
371520
427020
453520
415260
418320
420540
437760
472740
453120
414720
435980
422300
414760
454060
416660
482420
414240
412920
432340
415260
432840
435080
428640
437700
448300
434320
416560
434940
458960
414820
413040
450400
418840
486220
431760
415120
424040
412720
417320
413840
411620
418760
421760
435620
660500
418740
434480
414840
417220
440480
435620
435580
415900
438340
448960
455080
467440
419960
438540
405260
416260
448220
442980
423620
413840
426200
492620
436440
466400
423060
471360
433360
417320
412800
412300
425300
438940
420260
434820
421540
415500
425140
457880
417440
424980
435640
418720
438180
414140
413180
417780
420620
415460
444060
475840
459760
416860
435940
431600
412440
486540
434480
466540
415180
419020
417760
416300
421560
434820
411460
818860
412500
414960
415180
420640
451820
420000
439680
411120
447320
486760
420080
447340
434460
432860
416580
419640
441560
458640
437280
444900
456160
469760
436240
431400
460620
432800
452320
434300
432520
442520
413740
437340
413260
434720
435600
415720
440980
536220
414200
417420
449280
415100
413400
442520
415440
412740
435720
414300
437200
414880
412460
465540
444940
458860
449380
459620
416500
415000
461460
449460
435980
429980
415040
412800
440580
417000
438820
456220
410060
411740
472860
433440
635800
451940
410360
433300
413960
414180
438360
416700
453080
453880
413000
420800
412880
438580
432120
413680
418780
414380
424200
433020
420240
417900
436560
438520
422640
433460
411160
414300
458440
437720
412540
438400
416420
527320
417620
411540
444720
430440
473260
412760
417840
423100
779340
426280
421820
408780
432760
395460
417300
414340
387240
413960
406940
413380
376000
372700
366660
360720
373580
373200
359140
362080
345620
553300
352400
365440
337740
364940
362780
407740
318600
321780
310940
322120
306380
385820
299220
377020
292360
380920
321800
288740
324140
289620
289520
289600
291760
361580
289260
301500
303300
299080
290320
305980
295480
290820
290200
286180
293420
374020
331000
292140
333600
305320
294360
288440
323900
422600
315380
294560
288420
303620
343180
345460
323900
304860
326500
292620
286220
308880
290420
288380
291300
312140
289040
327260
325700
284380
292600
376300
292380
290420
309900
304060
292680
298340
342960
335340
305420
322560
309920
311260
318820
288720
311240
365040
288380
331160
297740
311200
304680
451860
292740
294540
305980
369660
291480
291440
290560
288920
425700
307180
288960
292260
323700
304700
305380
395160
288620
289340
295460
327120
304280
369680
297960
309100
289060
306720
307900
292420
292740
289600
289000
292000
293140
306800
306080
293760
307240
306780
291280
291860
326580
292240
316660
291040
294780
336280
365400
311040
424620
423660
307820
373100
314940
297460
289540
290120
311380
293560
293760
304040
307540
303240
292320
300220
287980
292640
423460
292620
303880
293660
327660
291720
288780
303760
306880
342280
314580
290820
293320
357420
361960
311020
383540
302800
293680
315880
416800
293520
304600
293120
300900
303080
366340
316880
296220
291260
374560
338300
346140
305940
398080
294940
293000
291280
308820
313260
300360
389640
294420
363040
303800
343760
302300
409440
292140
314040
290700
281060
307660
290980
308100
319580
288800
351420
348760
296280
289700
309920
309500
296120
291320
318180
292280
296040
306460
300160
317600
305360
306180
372840
295060
291620
310520
289200
360740
292820
290460
301460
290760
295680
315540
305520
295020
325580
307320
312080
304780
290600
302880
370620
290620
294100
305480
290560
323120
304800
309140
303460
304500
314620
289700
315960
331900
305440
332680
314880
293840
289280
304800
304780
297700
312820
304040
312160
296160
324500
304160
318500
346640
291260
381360
290880
305220
299120
304580
339120
293980
413460
288960
333040
287620
319200
288980
291940
287940
296420
291400
303760
293780
344520
328880
297060
321380
294300
304000
306300
294180
317180
322320
291000
290780
293700
291560
304600
295360
282880
290280
325760
291340
288320
303760
307900
331100
303020
304060
290960
297600
305840
285020
379420
294260
295020
305640
291080
301340
289900
384700
315800
292220
291840
442960
302260
290720
291760
305460
288700
318580
304620
342560
317520
359640
302300
292640
303720
299140
309140
289800
292780
292400
334500
289900
291780
365460
297520
292800
305080
329940
292400
287560
292580
301520
301520
329160
408920
290640
291580
321800
304320
306800
289800
308560
291900
290220
291920
356800
290660
366340
293700
315080
301500
324600
307340
291180
303460
293240
292520
289940
292200
322960
290120
290460
300900
306240
290060
330560
291300
312020
305900
303580
382140
291000
298300
306800
308340
419260
291980
314780
313620
295460
291300
415420
288740
304800
292380
638240
291700
290580
291040
420480
293240
320340
597540
297500
293120
300560
292780
290300
294000
305900
310040
342680
303960
288940
303560
305040
289200
301280
301820
291540
315920
291700
307360
290020
292100
293520
299040
334260
301240
289420
294660
306920
313480
293560
324240
291640
301540
364440
322360
292840
291220
291720
378080
291680
294300
293020
307180
319180
318180
304560
294940
287520
421560
308760
293580
388420
318800
293780
296000
295580
297220
291880
290980
362360
289060
289600
294140
308080
304580
311580
291860
293860
292300
309480
291640
317920
387820
304380
287820
310220
455360
316040
368320
293640
289400
301740
290640
289340
288020
308660
291820
293320
296240
289840
341020
290360
290520
359460
292720
304580
309100
294340
297840
307160
294240
302500
291340
311840
302660
290560
316340
305800
290960
301280
289760
302740
289900
289260
312600
347880
293860
306960
318900
596240
330560
292200
291540
289380
289900
289100
293860
293060
350280
293660
288260
293400
292080
288020
300880
303300
343680
290100
304440
299680
292960
291360
384780
293580
292400
290760
306860
353520
321400
311740
302340
291820
